  0.20000000000000001       -2.0000000000000000        1.0000000000000000        0.0000000000000000        0.0000000000000000        0.0000000000000000        0.0000000000000000
  0.22200000000000000       -1.9998930000000916       0.99996865972216742        8.5165283088089721E-003   2.0857359983283673E-004   0.0000000000000000        0.0000000000000000
  0.24400000000000002       -1.9990799421279564       0.99972903472269226        5.2554485289289653E-002   1.4864223537271249E-003   0.0000000000000000        0.0000000000000000
  0.26600000000000001       -1.9982933703683188       0.99949529166725870        7.8524967978618312E-002   2.4771651614174353E-003   0.0000000000000000        0.0000000000000000
  0.28800000000000003       -1.9928514606442542       0.99786601388947072       0.20307589095664494        8.3624286764671912E-003   0.0000000000000000        0.0000000000000000
  0.31000000000000005       -1.9884393842568435       0.99653230555533723       0.25915546212981772        1.2005461498738384E-002   0.0000000000000000        0.0000000000000000
  0.33200000000000002       -1.9755265856488744       0.99267550694258888       0.46152093593185156        2.4855669749160078E-002   0.0000000000000000        0.0000000000000000
  0.35400000000000004       -1.9594567939823140       0.98785171527637183       0.46777625498716729        3.4779279070255451E-002   0.0000000000000000        0.0000000000000000
  0.37600000000000000       -1.9383237592592510       0.98129255555625228       0.92749768497903473        7.1877740702365023E-002   0.0000000000000000        0.0000000000000000
  0.39800000000000002       -1.9061524236111627       0.97296068750040487       0.83714459365421823       0.11938152015226484        0.0000000000000000        0.0000000000000000
  0.42000000000000004       -1.8800497615740992       0.96773857638887728        1.0070291296431764       0.15869907955653620        0.0000000000000000        0.0000000000000000
  0.44200000000000006       -1.8516548888888746       0.96465214583335390        1.5886273439431733       0.21846195810188146        0.0000000000000000        0.0000000000000000
  0.46400000000000002       -1.7943222453703565       0.97328622222246663        2.7574463970033043       0.29300782033842199        0.0000000000000000        0.0000000000000000
  0.48600000000000004       -1.7655252361111065       0.97513479861141139        1.1169402360453506       0.15341879176416842        0.0000000000000000        0.0000000000000000
  0.50800000000000001       -1.7441499236111289       0.97285635416703031       0.78957634216316308       0.13401282919630356        0.0000000000000000        0.0000000000000000
  0.53000000000000003       -1.7285602013888515       0.96777043750008740       0.74532509992195417       0.15728434563325333        0.0000000000000000        0.0000000000000000
  0.55200000000000005       -1.7137057337962931       0.96110303472215097       0.78594226445276494       0.21222008213113247        0.0000000000000000        0.0000000000000000
  0.57400000000000007       -1.6986150856481517       0.95397446527766960       0.79920678302098802       0.24713098307746434        0.0000000000000000        0.0000000000000000
  0.59600000000000009       -1.6811906620370363       0.94749175694445753       0.78109232801997852       0.25902477536892299        0.0000000000000000        0.0000000000000000
  0.61800000000000010       -1.6641876319444802       0.93714165972223296       0.83619477085118454       0.32436116985616209        0.0000000000000000        0.0000000000000000
  0.64000000000000012       -1.6448741365740964       0.92594135416665035       0.90969001738704403       0.38879473497077649        0.0000000000000000        0.0000000000000000
  0.66200000000000003       -1.6247837500000049       0.91378102777776837       0.97935127704443070       0.42678505687564416        0.0000000000000000        0.0000000000000000
  0.68400000000000005       -1.6025189675925517       0.89860743749999095        1.0997173916472607       0.52137575360576771        0.0000000000000000        0.0000000000000000
  0.70599999999999996       -1.5760573009259735       0.87748617361111703        1.2467881913223435       0.67359230753477783        0.0000000000000000        0.0000000000000000
  0.72799999999999998       -1.5486771250000255       0.85755913194444156        1.3727785524343730       0.79926315431429462        0.0000000000000000        0.0000000000000000
  0.75000000000000000       -1.5157928310185125       0.83293106249999949        1.5670725424575949       0.92863141480087563        0.0000000000000000        0.0000000000000000
  0.77200000000000002       -1.4798035972222299       0.80613142361111689        1.8351623778828035        1.1037322313200175        0.0000000000000000        0.0000000000000000
  0.79400000000000004       -1.4390459675925806       0.77727018055554387        2.0922301947366515        1.2458008878142603        0.0000000000000000        0.0000000000000000
  0.81600000000000006       -1.3907967175926015       0.74163797222223105        2.4444110163925798        1.5223160881782887        0.0000000000000000        0.0000000000000000
  0.83800000000000008       -1.3345767222222400       0.69969002083333676        2.9482809263258289        1.7968983376281067        0.0000000000000000        0.0000000000000000
  0.86000000000000010       -1.2719183379629573       0.65529829166666653        3.4666550860045398        2.1060960348921345        0.0000000000000000        0.0000000000000000
  0.88200000000000012       -1.1933920833333320       0.59714327083333685        4.5948244033478289        2.6838728679257069        0.0000000000000000        0.0000000000000000
  0.90400000000000014       -1.1081218287037244       0.53743924999999149        5.9660407900554793        3.3149736230646467        0.0000000000000000        0.0000000000000000
  0.92600000000000016       -1.0104107199073822       0.46871979861110857        7.5944568050537784        4.1921955088616354        0.0000000000000000        0.0000000000000000
  0.94800000000000018      -0.90182608333332770       0.39492275694443768        9.7294560060305244        5.3427303555417067        0.0000000000000000        0.0000000000000000
  0.97000000000000020      -0.81267893287035087       0.33693764583334024        8.8715711806956197        4.9368321342125947        0.0000000000000000        0.0000000000000000
  0.99199999999999999      -0.72643080787036873       0.28272526388889346        6.8005127134523438        4.0265960705198305        0.0000000000000000        0.0000000000000000
   1.0140000000000000      -0.64705277546296736       0.23434297916665794        4.2894169330808261        2.9034085011031143        0.0000000000000000        0.0000000000000000
   1.0360000000000000      -0.59469451388889838       0.20535352083333322        2.3068840290561599        1.9562667007823620        0.0000000000000000        0.0000000000000000
   1.0580000000000001      -0.55885086805555528       0.18835512499999599        1.4346489656221406        1.4867084985180905        0.0000000000000000        0.0000000000000000
   1.0800000000000001      -0.53287775694445505       0.17748792361110965        1.0301397644865877        1.2509360582569720        0.0000000000000000        0.0000000000000000
   1.1020000000000001      -0.51243529166665391       0.17044711111110980       0.85036780509942378        1.1237336427665032        0.0000000000000000        0.0000000000000000
   1.1240000000000001      -0.49457378009259534       0.16438868055555098       0.72644564034172987        1.0398571977296662        0.0000000000000000        0.0000000000000000
   1.1460000000000001      -0.47884041898148844       0.16060192361111100       0.63461432802875350       0.96191491048839295        0.0000000000000000        0.0000000000000000
   1.1680000000000001      -0.46462955787037574       0.15672324305555499       0.57205189760876474       0.91077258985109300        0.0000000000000000        0.0000000000000000
   1.1900000000000002      -0.45152573379630162       0.15360904861111144       0.52516635048028792       0.86551009254996691        0.0000000000000000        0.0000000000000000
   1.2120000000000000      -0.43953059259258831       0.15079995833333421       0.47847013578608144       0.83258106270783128        0.0000000000000000        0.0000000000000000
   1.2340000000000000      -0.42864798842592972       0.14860396527777575       0.44289782173474357       0.79502827979442070        0.0000000000000000        0.0000000000000000
   1.2560000000000000      -0.41783689583333677       0.14635151388889039       0.41011833191610486       0.76453742464478380        0.0000000000000000        0.0000000000000000
   1.2780000000000000      -0.40818157870370153       0.14499281250000159       0.38174867447517158       0.73911374730762713        0.0000000000000000        0.0000000000000000
   1.3000000000000000      -0.39912007175925768       0.14352206944444218       0.35534118367757850       0.71557117832407013        0.0000000000000000        0.0000000000000000
